75 75 75 75 75 75 75 76 76 77 41 40 49 50 62 63 65 72 70 72 57 59 66 67 70 71 62 62 63 62 62 69 70 71 55 53 69 71 69 67 72 74 74 73 72 72 66 65 58 56 68 69 70 47 45 50 51 70 70 72 60 58 60 44 44 45 46 61 63 64 64 71 70 61 59 40 40 42 40 42
75 70 69 75 76 74 72 52 51 43 41 40 51 49 48 63 65 66 68 72 55 61 67 67 71 71 60 61 61 59 63 70 71 70 54 54 56 70 72 65 73 72 73 75 76 70 66 64 60 54 70 69 69 47 43 48 49 49 72 70 70 59 61 43 44 46 48 59 65 66 66 70 69 62 60 41 42 40 42 44
75 68 71 76 76 75 70 51 50 44 44 40 49 47 47 61 61 65 67 73 57 62 69 66 71 72 62 59 58 58 63 64 73 71 55 57 56 58 72 64 66 72 74 74 76 70 66 64 59 54 53 71 70 45 42 46 46 47 70 72 71 58 62 42 43 46 49 61 63 65 64 72 70 61 58 42 42 40 42 43
75 66 72 75 76 74 68 53 51 53 46 40 41 46 48 48 63 67 69 75 55 60 67 67 73 71 61 62 57 56 55 63 75 70 69 55 53 57 73 75 64 70 71 75 76 72 67 65 61 62 54 70 69 45 40 40 44 47 49 74 71 57 63 44 41 44 48 60 64 67 65 71 72 62 59 40 41 40 40 43
74 66 73 76 76 72 68 52 51 53 44 45 43 47 45 46 61 68 67 76 55 59 65 65 73 72 74 64 59 57 56 61 76 74 71 70 51 57 56 74 64 65 73 76 76 70 68 63 61 63 56 70 70 43 43 40 45 46 49 74 71 58 63 42 41 42 48 61 65 69 65 73 72 60 61 40 41 40 40 41
74 68 74 74 76 73 67 65 50 53 53 44 42 40 45 48 61 66 67 75 57 58 64 66 75 73 73 66 65 57 58 62 61 73 74 70 52 53 55 73 71 66 73 74 76 71 69 67 61 61 55 68 71 70 43 42 43 46 51 75 72 57 65 41 43 42 50 60 65 70 65 75 73 62 59 58 40 40 40 41
74 68 67 68 74 71 70 64 48 46 55 43 41 42 47 48 61 65 69 76 57 59 62 65 64 73 71 70 66 55 56 56 63 62 76 68 66 52 53 51 73 66 74 74 76 72 73 66 62 63 53 66 65 72 43 41 45 48 53 73 71 59 65 40 41 40 48 61 63 70 66 76 74 64 65 60 40 40 40 41
74 74 74 69 76 76 71 63 65 45 53 52 41 41 47 49 61 63 70 74 59 57 61 59 66 75 74 70 65 56 54 58 58 64 74 73 65 54 53 51 71 68 72 74 76 74 73 66 60 62 54 55 64 73 72 42 44 46 54 74 71 61 64 41 40 41 47 61 64 72 65 75 74 74 67 58 41 40 41 40
74 74 74 68 70 75 71 70 67 43 44 51 40 43 45 48 59 61 68 72 61 57 56 57 68 70 74 71 64 64 52 51 58 63 64 73 64 65 52 53 72 68 74 75 74 76 72 67 60 62 64 57 65 63 71 44 45 47 56 76 73 61 64 42 40 43 48 62 66 73 66 73 73 76 67 56 40 40 43 42
74 74 74 74 68 74 74 72 69 70 42 53 40 41 46 46 57 59 70 73 62 61 55 55 56 69 74 70 71 62 62 51 57 58 65 71 70 63 54 55 70 70 72 70 73 74 72 69 58 56 65 55 56 64 69 44 44 47 58 76 73 61 65 41 40 41 48 62 66 71 68 69 74 76 65 54 41 40 42 43
73 71 74 74 67 69 73 74 74 68 42 53 41 41 45 47 56 59 71 71 73 60 57 57 56 69 74 73 69 67 62 49 51 59 63 65 69 65 54 57 70 69 67 72 72 74 72 70 71 55 63 63 57 65 68 46 46 48 59 75 72 63 63 42 40 41 48 64 68 70 70 67 76 76 64 53 42 40 43 42
75 74 74 69 70 71 73 73 74 70 42 55 40 40 47 47 57 61 71 70 72 62 61 55 56 69 68 72 71 68 63 62 51 60 60 65 69 63 54 59 68 66 65 73 70 76 71 69 71 55 55 61 56 66 66 48 44 46 58 76 70 62 62 43 42 40 46 65 68 66 71 69 76 76 62 53 44 41 40 43
74 74 68 69 71 69 67 74 74 72 40 53 42 42 46 49 57 63 63 70 72 73 63 53 56 55 67 66 71 69 70 61 50 48 59 65 68 64 52 61 60 67 65 72 69 74 75 67 69 70 56 59 55 64 64 50 42 46 57 76 71 60 62 43 42 40 48 67 66 67 73 69 75 76 64 53 43 44 40 42
74 74 74 71 70 68 65 73 72 73 40 53 41 42 48 50 56 57 64 70 71 75 62 55 53 53 51 67 73 71 70 63 64 46 57 63 68 66 53 55 60 66 67 71 70 70 74 65 66 72 58 59 55 66 65 48 43 46 58 75 71 61 63 45 44 40 49 48 65 69 73 67 76 76 63 55 56 46 41 40
74 74 74 71 70 67 63 74 72 71 40 54 40 43 46 48 46 55 66 64 69 73 60 61 54 53 53 68 69 72 72 73 65 46 58 61 69 65 63 57 59 64 68 71 71 72 72 71 66 72 58 57 57 67 67 50 44 45 58 76 69 63 61 45 45 40 40 48 67 68 71 68 76 76 62 62 55 48 41 40
74 69 71 69 69 65 64 76 72 72 40 52 40 41 44 42 46 55 56 64 71 73 72 62 60 53 55 54 68 71 72 71 65 46 59 62 68 68 65 58 60 63 69 67 69 71 72 71 64 73 57 56 56 65 65 51 46 45 59 76 69 62 61 45 43 44 40 50 65 70 72 69 76 75 73 63 53 47 41 40
74 71 73 67 67 65 62 74 74 73 40 53 40 41 42 40 45 45 54 63 73 71 72 74 60 51 49 53 68 68 70 69 67 46 61 63 64 66 66 59 61 65 65 68 71 72 71 69 64 72 58 57 58 65 67 52 44 46 59 75 68 63 61 45 46 46 42 51 67 68 73 69 76 76 74 63 54 46 42 41
74 74 72 69 69 63 63 73 72 71 41 54 41 40 43 40 40 45 54 64 62 71 69 76 60 61 49 51 52 70 72 71 66 48 62 64 65 64 67 61 59 58 64 69 68 73 73 71 63 72 58 55 58 63 67 52 43 48 58 73 68 61 61 62 48 47 41 50 69 70 73 70 71 76 73 65 53 45 41 42
74 74 72 72 74 63 61 75 73 71 41 52 50 40 45 45 40 44 54 53 60 59 71 76 75 59 47 45 50 70 71 70 68 49 47 63 67 62 66 61 60 60 63 65 69 74 71 70 62 73 57 55 57 64 67 50 43 46 57 71 67 63 61 62 46 45 41 48 69 69 72 71 70 76 74 64 54 47 42 44
74 74 74 74 72 71 73 72 73 73 43 41 52 40 40 46 40 46 44 52 54 61 72 71 74 57 57 45 49 70 71 72 66 68 49 65 69 60 67 69 60 58 56 65 69 72 73 70 64 71 59 54 58 63 66 50 42 48 56 70 66 65 62 63 45 44 40 47 67 67 69 73 71 76 73 62 53 48 43 43
72 74 75 74 74 74 74 74 72 71 69 40 54 56 41 44 40 41 44 42 54 61 62 69 75 75 55 47 49 71 69 71 70 68 49 67 68 61 61 68 58 59 54 67 70 71 73 70 62 72 57 56 60 63 67 50 40 48 55 69 68 66 63 63 46 42 40 45 68 69 67 74 72 75 72 64 54 48 41 41
73 76 73 73 73 73 73 73 72 72 70 40 40 55 40 46 47 40 40 44 53 54 64 68 67 76 53 45 47 70 70 70 68 70 51 65 67 67 59 67 66 57 56 68 72 73 71 71 64 72 58 54 60 65 66 48 40 47 56 57 67 64 65 62 46 41 40 45 44 70 68 73 74 76 74 65 53 50 40 40
72 72 73 66 67 73 73 73 73 73 71 69 40 55 42 41 49 48 40 44 42 52 65 63 67 76 54 45 46 71 70 72 69 70 53 63 64 66 60 59 66 57 55 66 74 75 71 69 63 74 57 52 61 63 67 50 40 48 46 59 69 66 64 60 48 41 40 41 42 68 67 73 73 76 74 66 55 50 40 40
72 72 73 67 69 73 73 73 73 73 72 71 42 55 53 41 42 48 40 42 41 52 50 61 66 76 54 43 44 44 70 74 68 69 51 49 64 66 64 57 65 58 55 64 74 74 73 69 65 74 55 51 61 61 68 50 40 40 45 59 71 64 64 62 47 41 43 41 44 66 68 72 75 74 73 66 56 51 49 40
72 72 73 69 71 69 67 64 62 62 72 69 44 42 51 50 42 48 47 42 40 41 49 60 64 76 54 42 44 42 69 73 69 71 69 48 64 66 65 55 67 60 54 62 74 76 75 69 65 74 53 50 60 60 69 51 51 42 47 58 69 65 64 62 47 48 45 40 46 65 70 72 73 76 74 68 58 60 48 41
72 72 72 71 69 68 69 66 64 62 73 67 66 42 40 51 41 40 45 42 40 43 48 60 64 75 55 57 45 42 68 74 69 69 71 49 50 65 65 55 69 60 53 62 72 76 76 69 65 72 53 52 59 62 68 69 51 44 47 56 67 65 64 64 63 46 43 41 46 63 69 71 71 76 72 68 70 59 47 42
72 73 74 72 69 68 69 69 66 63 74 74 66 67 40 49 50 40 47 49 42 42 49 61 66 76 75 55 46 43 70 73 71 68 69 70 48 64 64 57 70 59 51 62 74 76 75 68 64 73 53 54 58 61 62 69 50 45 46 57 68 64 66 68 63 45 43 43 46 61 67 72 69 76 71 71 71 61 49 44
72 71 75 73 71 73 73 67 67 62 62 76 76 65 40 40 49 40 40 50 44 40 50 62 65 63 74 56 46 43 68 69 71 68 68 68 48 66 65 59 69 58 53 63 76 76 76 67 62 74 53 53 56 55 62 70 51 47 47 55 66 64 63 70 61 46 41 41 45 60 66 74 71 75 74 71 69 59 49 43
72 71 73 73 72 72 72 74 76 76 62 60 76 67 67 40 48 50 40 49 43 40 50 64 64 65 76 54 48 42 42 71 73 71 70 67 48 65 66 60 70 56 51 65 76 75 76 65 61 76 55 53 53 54 64 71 50 45 45 57 67 65 65 71 60 47 43 43 47 60 68 72 71 73 72 73 70 58 51 45
72 70 71 72 72 72 72 72 72 75 76 60 74 75 65 42 40 48 41 50 43 40 52 50 62 65 75 52 48 49 42 72 74 71 70 66 47 67 67 60 68 57 53 67 74 73 74 64 59 74 55 55 51 55 62 71 48 44 44 58 60 63 65 73 60 48 41 43 48 58 69 71 71 73 72 74 70 57 49 46
72 72 72 72 72 72 72 72 72 72 76 58 56 73 64 62 41 50 43 49 41 40 40 51 61 66 73 54 53 49 44 42 76 72 72 65 47 66 68 62 66 55 52 65 73 72 72 64 60 75 74 56 51 56 64 73 48 46 43 44 59 63 66 72 58 48 41 41 47 58 68 70 71 71 72 72 69 55 48 44
72 72 72 72 72 72 72 72 72 72 76 76 55 72 74 61 40 52 41 48 42 40 41 51 60 68 71 72 53 50 51 40 74 71 70 66 49 66 68 61 66 57 54 66 73 70 72 66 62 62 73 55 50 57 62 72 46 47 46 44 60 61 68 72 56 47 41 43 48 59 59 72 71 71 70 71 70 55 48 46
69 70 72 72 73 74 75 73 66 67 68 75 56 54 72 59 41 54 43 46 45 40 40 50 59 67 68 73 54 56 51 40 72 69 72 68 51 67 70 59 68 56 55 68 74 69 74 66 67 63 75 55 50 59 63 70 48 47 48 46 62 61 67 71 57 46 43 42 48 46 60 73 71 69 69 71 69 55 46 47
69 72 72 74 74 73 73 73 74 67 70 74 74 55 73 60 42 56 42 43 45 40 40 49 57 59 68 73 72 57 53 41 73 67 72 70 50 66 68 60 69 56 56 68 75 67 72 72 65 63 73 57 50 57 61 70 72 48 49 46 60 63 67 71 56 46 43 44 45 44 60 73 73 67 67 73 71 55 48 49
69 69 70 72 74 75 74 72 74 65 68 67 75 53 71 58 44 56 58 41 47 40 40 51 51 61 69 67 71 58 51 42 72 67 73 72 49 65 70 60 67 54 55 70 75 65 66 70 67 63 74 55 48 57 61 61 72 50 50 45 62 62 69 70 57 47 41 42 47 43 62 74 71 68 69 75 71 57 50 51
66 69 69 68 72 75 76 72 75 66 64 66 75 54 69 60 45 45 58 43 45 40 40 40 52 61 61 66 69 58 52 42 70 66 73 73 47 65 71 59 67 52 56 68 74 73 66 71 68 65 72 57 48 55 54 60 72 48 48 43 63 63 70 70 56 48 50 43 45 43 62 73 71 67 69 74 72 55 51 49
66 65 65 67 71 71 76 71 76 74 63 67 75 53 68 60 61 44 56 42 43 41 43 42 52 50 59 65 68 60 53 42 71 64 75 71 48 63 70 59 69 52 54 68 68 72 65 73 69 67 72 56 50 52 52 60 70 50 48 42 64 65 68 72 56 54 48 43 47 42 61 75 73 66 69 76 70 56 52 51
68 67 66 68 68 71 74 71 72 73 65 69 76 53 68 70 59 43 55 42 42 40 42 42 40 49 59 65 69 60 51 43 73 65 76 70 48 65 69 59 69 52 52 51 69 73 64 71 71 67 71 57 57 51 54 58 70 52 46 43 65 63 67 73 72 54 49 42 48 42 63 76 73 65 71 75 71 56 52 53
68 68 68 68 68 69 76 75 74 73 66 69 76 54 53 72 60 43 56 40 41 40 41 40 42 48 59 63 68 61 50 42 74 65 76 72 48 65 69 60 71 52 51 53 69 72 62 73 69 66 69 67 58 52 56 60 72 51 47 42 67 62 67 69 72 52 47 44 48 40 61 75 73 64 73 76 70 58 50 55
68 68 68 68 68 69 68 73 73 71 67 70 76 76 54 73 59 42 54 52 41 41 40 40 44 49 57 61 70 62 48 43 72 65 74 70 46 64 68 61 73 71 52 55 67 70 60 73 67 65 65 66 57 52 57 58 72 51 46 42 65 60 58 70 71 50 48 46 50 40 62 76 73 62 74 75 70 59 48 53
68 68 68 68 68 68 67 71 71 72 69 70 72 75 55 73 60 40 40 51 42 43 40 40 45 47 58 61 70 61 50 44 71 64 76 70 45 64 66 61 63 70 50 54 67 70 59 73 67 65 67 66 58 50 59 59 74 52 46 40 66 66 59 69 73 48 48 44 48 40 64 76 73 62 72 76 72 58 48 51
67 68 70 68 68 68 67 73 71 72 68 69 71 75 57 75 59 57 41 53 52 44 40 40 43 45 59 59 68 63 49 43 72 64 76 71 46 63 65 65 65 69 49 55 67 70 58 75 73 66 66 65 56 52 59 59 76 50 48 40 41 67 59 68 71 50 49 46 49 40 62 76 74 61 71 76 71 57 49 49
68 68 68 68 68 68 66 71 72 72 74 67 72 76 56 74 74 56 40 40 53 46 41 40 42 44 60 60 69 61 48 41 71 66 76 72 47 65 65 65 65 68 51 57 67 70 57 55 74 67 65 67 55 54 60 57 75 50 50 49 40 66 59 69 70 52 49 46 48 40 63 76 74 60 72 76 71 57 47 50
69 68 68 60 62 61 65 70 71 69 73 66 74 76 57 57 74 58 56 42 53 46 40 40 44 44 61 60 67 63 46 41 71 68 74 70 48 49 63 65 65 70 50 58 67 68 67 55 73 65 64 65 53 54 59 56 76 48 50 47 41 67 61 67 72 54 48 47 49 41 61 74 76 60 74 74 71 56 49 49
68 68 54 56 61 61 67 72 74 70 74 68 73 76 74 58 76 76 57 44 54 45 40 40 46 46 61 62 65 65 46 40 71 67 72 71 72 50 62 65 65 72 51 59 67 66 66 55 75 64 66 65 53 53 61 58 76 76 50 47 40 66 62 68 70 52 50 47 50 42 61 74 75 62 74 76 71 54 48 49
68 68 52 56 62 62 66 67 75 69 73 68 74 73 74 60 60 76 57 44 53 47 41 40 46 48 59 61 65 65 47 41 71 69 74 72 74 52 64 64 64 70 51 57 58 68 65 55 73 65 68 64 53 51 62 58 58 76 52 47 42 68 60 66 70 52 52 49 51 42 60 76 76 64 73 76 71 53 50 47
69 68 53 55 60 63 62 66 75 71 72 66 65 75 75 73 61 75 57 43 52 46 42 41 44 47 61 60 66 65 46 42 72 69 70 71 76 53 64 63 66 68 52 52 59 67 66 56 75 65 66 66 52 53 60 62 57 76 53 46 40 66 61 68 70 50 52 49 50 43 62 76 76 64 73 76 72 53 50 49
68 68 55 57 58 60 60 64 74 72 74 73 63 73 72 73 60 76 57 41 51 48 43 40 42 49 60 61 66 63 47 43 70 71 69 73 75 54 63 62 66 68 67 50 60 67 67 58 73 66 67 67 54 52 50 61 55 75 51 44 40 65 59 66 68 49 54 48 48 44 63 76 76 63 71 75 73 51 49 49
68 55 56 56 56 59 58 63 72 73 72 71 61 63 71 74 62 76 57 43 50 47 43 42 43 49 60 62 64 62 45 45 46 71 68 73 75 55 63 62 67 68 66 51 62 69 69 56 74 66 65 67 54 53 52 61 54 75 51 46 41 64 58 68 67 47 53 50 47 45 63 76 76 64 71 73 73 72 49 51
68 55 56 58 58 57 60 62 72 72 72 73 73 62 73 73 64 76 56 44 52 49 42 40 43 49 59 61 66 62 45 46 44 71 69 74 76 57 63 60 62 68 66 53 64 68 70 54 72 65 65 65 64 55 50 59 55 73 53 45 40 64 57 69 68 49 52 48 47 46 63 76 76 63 72 74 75 73 75 51
68 68 68 59 58 56 56 54 55 74 73 74 73 62 72 72 63 76 56 43 52 51 42 41 42 50 57 63 68 61 63 47 45 69 67 72 76 56 61 61 60 66 67 51 63 67 69 53 71 64 65 63 62 55 51 57 57 71 53 43 40 64 56 67 67 49 53 49 47 44 63 76 75 64 72 73 75 74 74 49
68 68 68 68 68 68 68 68 54 75 73 76 74 61 73 70 63 75 55 44 53 51 41 42 40 48 59 64 69 68 65 47 47 69 66 71 76 55 54 61 62 68 68 53 61 68 68 52 70 64 63 64 60 55 51 55 59 72 55 42 40 65 56 68 69 49 55 48 45 46 64 74 73 62 64 71 69 75 72 49
68 68 63 67 67 67 68 68 52 52 73 76 75 62 72 70 64 76 55 43 54 49 40 44 42 46 57 65 63 68 67 47 45 71 65 70 76 76 55 60 62 69 66 52 61 68 68 54 71 70 65 62 60 55 53 55 59 72 56 40 41 64 54 68 68 51 55 47 46 46 64 75 71 70 66 68 71 76 72 71
66 66 64 67 67 46 48 52 52 54 71 74 76 60 70 68 64 76 56 41 54 48 40 42 44 44 59 58 63 69 68 47 44 73 66 71 73 76 57 58 61 71 65 52 60 67 66 53 54 68 67 61 62 57 55 54 57 71 58 40 40 66 56 69 68 52 56 46 48 45 64 76 75 72 73 66 69 74 74 73
66 66 66 65 67 44 50 51 53 55 72 72 76 59 69 66 65 75 55 42 55 47 40 42 43 43 42 56 62 68 67 46 42 73 67 65 72 76 58 60 62 69 67 54 62 66 65 63 55 66 68 62 61 57 55 55 58 72 59 41 40 66 54 70 68 52 54 48 48 45 65 66 73 75 72 65 69 68 72 71
66 66 67 67 67 43 43 41 43 45 46 44 75 57 69 66 64 75 55 43 55 46 40 42 42 40 43 56 63 67 69 46 40 72 71 65 73 76 57 62 62 70 65 54 60 65 65 61 54 68 70 61 63 58 53 56 60 74 59 40 41 68 56 72 68 50 55 48 48 45 47 66 65 76 70 64 62 66 68 70
66 66 69 67 64 65 65 64 64 64 64 43 74 59 70 66 66 75 55 43 57 46 40 42 40 42 41 54 62 66 68 46 40 40 70 65 72 76 59 61 62 70 64 56 58 59 66 62 53 69 70 61 65 56 55 55 62 72 59 41 40 70 58 72 66 49 53 46 46 46 49 50 65 76 69 71 64 64 69 69
66 70 68 69 66 65 65 64 64 64 64 44 74 57 71 68 67 75 56 45 55 46 42 42 42 43 42 54 62 66 69 46 45 40 68 65 73 75 60 63 62 69 63 54 55 60 64 64 53 71 68 60 65 56 55 54 62 71 60 42 40 69 59 70 68 48 53 47 47 47 45 50 65 76 76 69 71 64 65 69
66 68 68 67 66 65 65 64 64 64 64 46 76 59 69 66 68 75 55 44 54 47 49 42 40 41 42 55 63 65 71 69 44 41 70 67 72 73 60 64 62 70 63 61 57 62 65 63 55 70 70 62 64 55 57 52 61 73 59 44 40 70 61 70 70 48 53 52 45 43 47 51 66 67 76 76 71 72 65 67
66 66 67 67 66 66 64 64 64 64 45 44 74 61 71 64 69 73 57 42 55 54 47 43 40 43 42 55 62 65 65 68 42 41 68 66 74 72 62 66 62 72 70 59 55 64 63 61 57 68 69 61 64 55 57 51 61 74 57 46 40 70 60 70 68 46 48 50 50 45 45 53 55 66 65 76 76 72 65 68
66 68 66 67 65 66 64 64 43 45 47 43 72 60 73 62 69 73 56 40 40 52 48 41 40 44 40 54 61 59 64 70 44 42 68 68 73 74 60 64 61 60 68 61 56 63 65 60 55 67 68 62 66 56 56 50 60 76 58 45 40 68 62 71 69 71 48 47 51 44 46 45 53 55 63 61 76 72 67 66
66 66 67 66 66 66 64 48 48 43 49 43 70 62 72 63 71 75 55 54 40 52 46 43 40 45 40 53 54 57 64 70 45 43 70 66 74 76 59 62 61 59 66 59 58 64 66 59 56 67 70 62 65 56 58 51 60 76 59 43 42 68 64 72 73 70 72 48 52 45 43 46 46 55 56 59 74 73 68 67
66 66 67 66 66 64 64 47 47 42 48 43 68 62 71 63 69 74 72 52 40 52 45 42 42 45 40 40 53 55 66 68 44 41 72 68 74 75 57 55 62 58 64 59 59 62 68 59 55 69 69 64 66 55 57 53 58 75 59 41 44 66 62 63 71 71 73 48 52 51 44 45 44 45 56 61 75 74 67 65
65 66 66 66 66 64 43 45 45 41 48 41 66 62 70 64 71 69 72 50 41 53 44 41 42 43 41 40 54 56 67 70 42 43 73 69 76 74 76 57 60 56 65 60 57 64 69 58 56 70 68 64 68 55 59 54 56 75 60 40 46 67 65 63 63 73 73 49 47 49 47 44 43 43 54 59 75 73 67 64
66 66 64 64 64 64 41 43 43 43 47 43 64 60 68 65 65 69 74 48 42 54 45 41 40 41 40 40 53 55 66 71 42 42 73 71 76 76 76 57 58 57 64 59 57 66 70 58 58 69 70 66 68 57 57 52 54 76 58 40 48 49 66 64 63 73 75 73 47 45 46 46 42 45 55 57 75 75 65 64
64 64 64 41 40 46 44 44 41 43 49 42 64 62 70 70 65 67 72 46 42 52 46 40 42 40 40 41 53 53 66 71 41 40 73 70 72 76 74 56 58 59 63 57 59 67 72 58 57 67 68 67 68 56 57 54 56 76 57 40 40 48 48 64 62 73 75 72 71 45 45 45 40 46 53 55 73 73 75 64
64 40 41 43 40 47 46 45 40 41 50 40 64 61 62 72 66 69 72 47 40 53 44 46 41 40 40 40 53 52 67 71 40 40 71 70 74 74 73 56 57 57 65 57 59 69 73 58 57 68 43 41 43 42 42 40 41 76 57 59 42 42 49 63 61 62 76 76 73 74 43 43 41 44 55 56 73 72 76 64
64 40 40 40 42 46 47 43 40 43 50 42 66 66 62 74 68 71 70 48 42 54 56 48 40 40 40 40 53 52 67 71 40 41 41 70 73 75 73 58 59 55 64 59 58 71 71 60 40 40 41 47 47 47 47 47 41 76 76 60 61 44 51 65 63 64 65 74 76 76 45 42 40 46 56 54 54 72 76 65
64 64 64 41 40 45 47 44 40 41 48 42 41 64 60 74 66 69 70 49 42 44 57 48 40 40 41 40 55 53 67 69 41 42 41 69 71 75 73 56 60 56 62 58 60 69 71 61 40 47 47 47 47 47 47 47 42 42 74 72 61 43 50 50 63 62 66 66 76 76 45 42 40 44 58 60 56 70 74 67
64 64 64 43 42 44 46 46 40 40 47 47 42 63 60 72 64 68 71 49 50 46 55 48 41 40 40 40 57 42 41 43 43 40 40 71 71 76 75 58 58 57 64 60 61 67 69 59 40 47 46 47 47 42 44 47 46 40 40 70 61 45 46 48 46 63 61 68 76 76 47 44 42 44 42 58 55 72 72 69
64 64 64 41 44 45 44 40 40 40 40 49 40 61 58 71 65 69 72 73 50 46 54 50 40 41 40 40 40 41 53 53 44 43 44 46 48 50 50 50 48 58 66 64 63 44 43 42 40 47 46 47 47 43 46 46 45 45 41 69 63 61 45 44 48 46 62 66 75 75 46 46 41 42 40 56 54 74 74 67
64 64 64 40 40 40 40 41 60 60 40 47 42 60 60 69 67 67 67 73 50 44 52 50 41 43 40 40 40 42 53 53 53 44 53 53 53 53 53 53 47 58 60 63 64 43 47 47 47 47 46 47 47 41 47 44 46 45 42 69 68 59 60 43 44 47 62 66 75 73 48 46 44 43 42 55 54 74 76 66
64 64 64 64 63 41 60 60 60 59 40 45 44 62 41 40 40 42 68 73 48 45 44 44 43 41 40 42 42 40 53 53 53 53 53 53 53 53 51 51 45 46 62 62 63 43 47 44 44 43 46 44 45 43 48 47 44 43 42 44 67 66 62 60 46 45 60 67 74 75 48 47 44 43 43 56 53 74 74 76
64 66 64 64 62 60 60 59 59 59 41 45 40 40 40 58 57 44 70 71 47 45 43 55 55 54 41 42 42 41 53 53 53 52 51 53 54 52 52 52 52 47 43 41 42 43 47 46 46 46 46 46 46 43 42 45 43 41 42 45 46 65 65 62 45 43 62 67 72 73 75 45 43 41 42 55 55 73 74 76
62 64 67 62 62 60 60 60 59 43 43 41 41 58 58 58 56 46 47 47 46 46 41 55 55 54 53 53 53 53 53 52 53 53 53 54 54 52 52 52 52 48 45 47 47 47 47 46 46 46 46 46 46 46 40 41 42 43 40 40 45 45 64 63 45 44 63 65 74 75 73 46 44 41 44 46 46 44 74 76
62 63 65 62 62 59 59 60 59 59 41 40 58 58 57 58 56 56 56 56 46 47 42 43 55 55 52 52 52 52 52 52 52 52 52 56 56 52 49 52 52 47 45 47 45 45 45 45 46 44 43 46 46 46 43 43 43 43 45 41 40 45 63 62 47 43 43 45 47 76 74 46 48 47 46 40 40 45 76 76
62 62 65 63 62 59 60 60 56 59 40 58 58 58 58 58 56 56 55 56 45 45 43 41 43 55 52 52 52 52 52 52 50 51 52 52 52 52 47 49 49 47 47 47 45 40 40 46 46 45 43 45 47 43 43 45 43 43 45 45 40 43 61 63 45 44 42 42 49 49 47 44 48 41 41 41 40 43 76 74
61 62 67 62 62 61 60 59 58 59 40 59 57 58 58 58 60 56 56 56 55 55 55 40 41 55 52 51 54 52 51 51 48 46 47 49 52 52 45 50 47 48 47 47 45 42 40 42 42 43 44 44 46 43 43 43 43 43 43 45 40 42 40 40 42 42 42 42 42 42 48 42 48 41 44 40 40 42 75 74
59 64 65 61 61 61 60 57 59 59 59 59 57 59 58 58 58 56 56 55 55 56 55 40 40 55 52 50 52 52 50 51 50 50 50 50 50 46 45 46 48 49 47 47 45 45 40 40 40 42 43 42 43 41 40 43 43 43 43 43 44 43 41 42 42 42 42 42 42 42 46 47 46 41 44 40 40 40 39 76
60 62 61 59 61 61 60 59 59 59 59 55 56 55 57 57 59 57 56 56 56 56 55 55 55 55 52 52 52 52 50 50 50 50 50 52 50 50 50 50 49 49 42 40 42 44 44 44 44 44 44 44 44 43 43 43 44 43 43 43 43 42 42 42 42 42 42 42 42 42 42 42 41 41 42 41 40 40 40 76
