35 34 34 24 24 28 30 29 29 35 34 38 40 56 57 44 42 45 43 57 56 57 57 34 32 50 50 52 54 56 24 24 24 32 30 28 29 36 38 36 46 47 42 40 33 35 57 57 47 47 47 34 34 26 28 38 40 40 39 37
58 35 32 26 25 26 28 27 30 37 36 37 42 54 57 46 40 46 45 57 56 57 55 35 34 32 49 54 54 57 26 28 24 31 30 28 30 34 33 34 44 48 40 39 31 33 57 57 49 50 48 36 33 24 29 37 38 41 39 38
57 34 34 28 25 27 29 25 29 38 36 37 40 55 57 48 40 44 45 57 57 56 57 37 39 30 51 56 55 57 57 28 26 33 31 26 29 31 31 36 45 49 42 39 31 34 57 57 55 52 46 36 31 24 27 36 37 39 40 40
57 34 32 30 24 25 29 24 28 36 37 38 41 54 56 46 39 45 46 57 57 56 55 54 39 31 52 57 53 55 55 29 27 31 32 24 26 32 32 36 47 47 44 37 30 36 56 57 57 52 47 36 30 24 26 36 39 37 42 40
56 34 30 28 24 24 31 25 26 34 35 36 42 53 56 46 39 46 44 56 57 55 57 52 37 30 51 57 55 57 54 31 29 30 32 32 28 30 30 38 46 48 46 38 32 36 38 57 56 52 49 38 29 26 27 34 39 35 42 40
55 34 34 32 25 24 32 24 27 32 34 38 43 53 55 45 40 44 43 54 55 56 57 50 35 29 49 48 57 56 52 30 29 29 29 31 29 31 29 40 48 48 46 36 31 33 40 57 57 54 50 39 27 27 26 36 38 34 41 38
55 55 55 31 25 25 34 24 28 33 32 39 45 54 55 46 42 42 45 52 53 54 57 52 36 29 30 46 56 56 52 29 29 30 28 31 27 30 29 40 50 47 44 37 36 33 41 56 57 53 49 40 28 28 24 34 36 33 39 40
51 55 55 30 24 25 32 24 27 34 31 37 45 53 53 44 44 42 43 44 53 56 57 51 35 37 29 44 57 54 51 29 27 30 26 32 25 30 31 42 50 49 45 43 37 32 41 55 57 51 48 42 29 26 24 33 37 31 41 39
53 55 55 28 24 26 30 25 25 34 30 38 47 54 55 44 44 41 40 42 52 57 56 53 53 36 29 45 56 53 52 54 29 28 25 30 24 31 29 42 49 47 47 41 37 33 43 56 57 53 48 40 28 25 24 33 37 33 40 41
51 51 55 29 26 26 28 26 26 32 28 37 46 55 54 46 46 47 42 43 53 55 57 57 51 34 30 44 55 54 56 55 29 27 27 31 24 33 28 43 50 52 47 42 35 31 43 54 57 53 47 39 28 26 26 31 36 35 42 41
53 52 55 28 26 26 26 25 24 34 26 39 44 57 53 47 48 47 42 41 51 57 56 56 53 35 32 43 56 54 56 57 29 25 27 29 25 31 29 44 43 51 45 41 35 31 45 56 57 55 48 38 26 28 24 30 35 33 43 43
54 54 55 30 25 26 24 26 24 35 25 38 46 57 55 53 48 46 41 41 52 51 55 54 54 37 31 42 41 52 56 57 30 24 26 29 27 32 31 32 44 51 45 42 36 32 46 57 57 55 47 37 24 29 24 31 36 35 37 43
54 54 54 32 24 25 25 26 24 33 24 38 44 56 56 55 48 46 43 41 39 53 54 56 56 39 30 29 39 52 56 57 32 24 26 29 28 32 31 33 43 50 46 42 34 34 46 57 57 54 45 37 25 29 24 30 35 36 37 44
54 54 54 33 25 26 27 28 24 34 24 38 44 42 54 53 48 46 42 40 39 55 56 56 55 41 42 28 37 53 55 56 33 26 27 31 29 27 29 34 45 48 48 43 34 33 47 55 56 54 45 37 24 31 24 28 27 38 36 44
52 50 54 35 24 24 29 28 24 34 24 39 38 41 54 55 49 45 43 38 41 56 55 57 54 54 41 27 37 54 56 57 32 27 26 31 30 25 31 36 47 49 50 45 35 31 49 55 55 56 43 39 26 30 24 24 28 38 37 42
52 52 53 36 24 24 29 29 25 32 25 27 36 41 54 56 48 50 42 36 39 54 55 56 55 55 39 29 38 54 54 57 33 27 24 24 32 27 32 35 49 47 51 47 35 29 49 54 57 57 41 41 28 29 30 25 28 40 38 43
52 52 53 34 24 24 28 27 24 30 30 26 34 40 55 56 56 51 41 37 37 52 56 57 55 57 39 30 37 55 56 55 33 29 27 25 30 26 30 36 47 46 52 46 33 30 47 56 57 57 39 41 28 30 29 24 28 38 39 45
51 53 53 35 24 24 27 27 25 27 32 26 36 42 56 57 55 51 43 38 39 54 54 57 56 56 41 32 36 56 57 55 32 31 25 27 30 24 32 34 45 46 52 47 33 28 47 55 57 57 38 42 43 30 28 24 29 38 37 44
51 36 35 37 24 24 27 26 26 25 34 26 34 40 40 56 55 49 42 37 40 40 56 57 56 54 41 33 36 54 56 55 55 33 24 27 29 26 33 33 47 47 53 45 34 29 46 55 57 55 38 38 42 30 28 24 31 38 35 46
51 35 35 36 36 38 27 26 26 24 34 27 32 33 38 54 55 51 40 36 36 41 56 57 54 53 40 33 37 52 55 53 57 34 24 27 30 28 34 31 47 49 54 46 36 30 45 57 55 57 57 40 42 29 29 24 29 36 35 48
51 51 51 51 51 37 39 27 27 26 34 28 30 31 37 53 55 50 41 43 35 43 56 57 53 54 38 33 39 52 52 51 55 36 24 25 30 26 35 32 49 48 55 47 36 30 44 56 55 54 55 42 43 28 30 24 31 34 34 49
48 48 48 48 51 51 38 38 36 24 33 35 31 30 38 54 57 51 50 45 36 45 57 57 53 56 37 34 38 40 52 53 56 34 25 27 28 28 33 31 50 46 55 46 34 32 42 57 56 53 57 44 42 30 29 24 30 36 32 51
47 48 43 49 49 51 51 51 37 25 26 37 32 29 39 54 56 57 52 46 38 47 57 55 51 57 38 32 33 42 52 51 56 32 24 25 28 28 32 31 49 44 54 45 32 31 42 43 57 55 55 42 43 31 29 24 30 38 34 52
47 41 41 41 49 51 51 51 36 36 28 37 32 27 38 54 52 57 53 47 40 49 57 55 50 56 36 37 32 40 51 51 57 34 25 24 28 27 34 33 47 46 53 43 32 33 35 42 55 53 53 43 41 29 28 24 28 36 36 53
47 40 41 49 49 51 37 37 35 34 26 37 34 26 38 36 52 55 54 48 39 49 55 56 51 56 57 39 32 42 50 53 57 36 24 24 28 28 33 31 47 45 53 42 30 30 33 44 56 53 55 43 42 27 26 24 29 34 34 52
47 39 42 50 51 51 39 37 36 36 27 36 35 28 28 37 52 57 56 48 38 51 56 54 49 50 55 39 31 40 50 52 55 36 25 24 28 28 34 29 48 45 54 44 46 32 34 46 57 54 55 41 42 29 26 25 30 36 33 50
47 40 40 50 51 41 39 35 36 37 29 38 34 33 29 36 51 57 54 49 40 50 54 53 51 50 54 38 31 42 50 53 54 35 27 26 28 27 32 29 50 47 56 57 48 30 34 47 56 56 57 42 41 28 28 24 28 35 32 48
47 40 38 37 39 40 37 33 38 38 28 37 39 35 31 36 51 57 55 51 40 49 56 56 50 51 52 37 33 42 52 54 55 33 25 26 26 26 30 31 48 49 47 55 50 28 34 46 56 56 56 41 42 28 30 24 27 37 30 31
46 39 41 41 39 41 39 33 37 37 30 32 41 34 29 37 51 57 57 49 42 49 50 57 51 49 51 36 32 43 52 52 57 34 24 24 27 28 28 31 48 47 46 55 48 30 36 48 57 56 56 40 40 28 32 24 26 38 40 29
45 42 42 42 42 41 37 35 37 36 34 31 40 35 30 38 50 57 55 50 43 43 48 57 52 50 52 34 33 43 53 51 56 33 24 24 29 28 27 30 32 49 45 55 48 32 37 49 57 57 57 38 39 26 33 24 26 25 41 31
45 42 43 40 42 40 39 36 36 35 32 31 40 37 32 38 49 57 57 50 50 45 47 55 51 49 53 35 31 42 51 50 56 35 24 25 28 30 29 30 32 48 43 57 50 30 38 51 56 57 56 37 37 26 32 24 25 24 41 33
44 43 43 40 40 38 40 38 40 36 34 30 38 39 32 38 48 57 55 53 50 45 47 55 50 47 51 37 32 40 50 50 55 35 26 24 28 29 31 31 33 50 45 57 50 32 36 49 57 57 55 36 36 26 31 31 24 24 39 35
44 43 43 40 40 38 42 43 38 38 36 31 36 41 31 37 48 57 57 53 49 45 45 54 49 45 49 38 32 40 51 52 55 36 27 26 27 25 30 29 31 51 47 57 52 30 37 49 57 55 57 37 36 24 24 30 26 25 39 37
44 44 43 39 40 36 35 42 39 38 34 30 34 39 32 37 48 47 55 53 51 47 43 55 51 46 47 36 34 41 50 50 54 35 28 24 25 26 28 27 31 50 49 56 52 30 37 48 56 53 57 36 38 36 25 32 27 24 40 36
39 44 44 39 41 39 35 41 38 37 36 31 34 38 30 38 40 49 55 55 50 45 42 57 50 48 45 36 36 43 50 51 53 37 27 28 24 24 26 25 32 52 51 54 51 30 38 50 56 54 56 37 39 35 26 31 28 24 38 34
39 39 39 39 41 38 36 39 38 38 38 31 32 39 31 31 38 51 54 56 48 46 41 56 51 47 47 37 36 42 49 50 52 36 38 29 24 24 24 24 31 50 51 53 53 28 36 52 55 56 56 54 39 34 28 33 27 25 36 35
39 43 41 41 42 39 37 37 36 40 40 31 33 38 38 33 37 49 54 56 50 46 40 54 50 49 45 36 36 41 51 50 51 50 38 28 24 24 24 24 32 52 53 53 52 28 38 51 56 56 54 54 37 36 30 35 27 24 38 36
39 45 45 45 46 37 35 36 34 40 39 33 33 35 36 33 39 49 55 56 48 47 38 52 50 49 44 38 38 42 50 49 51 52 38 26 25 26 24 26 32 53 51 55 50 26 40 52 54 55 55 52 39 34 29 33 26 24 38 36
39 39 39 39 48 36 35 35 34 40 40 35 37 33 38 35 37 49 54 55 48 49 40 53 51 50 45 39 40 44 51 49 51 52 36 28 25 25 24 28 32 51 50 53 52 28 42 52 50 57 57 52 37 35 31 33 28 24 38 34
36 37 37 38 48 46 45 45 45 41 42 44 35 34 37 36 38 48 53 54 50 48 41 53 52 51 43 40 42 43 44 47 51 51 38 30 25 24 26 27 30 52 48 52 51 30 40 41 50 57 57 53 39 37 30 33 28 24 39 34
37 37 38 38 46 33 33 33 45 40 41 44 37 33 39 34 40 46 55 54 49 48 41 51 50 52 44 40 44 42 44 46 51 50 39 28 26 24 28 27 28 50 46 52 49 29 30 40 52 56 55 55 37 39 31 34 27 26 38 33
37 35 35 35 33 33 33 33 45 44 42 43 37 34 37 35 41 44 57 52 50 48 41 50 48 54 44 40 42 44 43 47 50 52 37 27 26 26 26 29 29 49 46 53 51 52 30 39 53 55 57 54 35 41 30 33 28 26 37 31
37 36 35 35 35 31 33 37 39 44 42 41 38 35 39 35 41 42 56 53 48 46 39 48 47 55 44 42 44 43 41 49 50 51 35 28 26 24 26 27 31 50 48 52 53 54 28 37 55 56 56 53 36 43 29 35 27 25 37 32
37 37 37 35 35 32 32 37 39 44 44 42 37 33 39 36 39 41 57 53 49 45 37 48 48 53 51 41 46 44 40 48 52 49 37 26 25 24 27 27 29 51 47 45 55 56 30 37 55 54 54 51 35 41 29 37 29 27 35 32
32 32 32 32 32 32 36 36 39 45 46 41 37 33 41 35 37 40 57 52 48 46 37 47 47 47 51 42 47 46 41 48 52 48 37 26 25 24 28 27 28 49 48 47 55 57 31 35 54 52 52 50 37 43 30 39 28 26 36 33
32 32 32 28 30 40 38 34 38 47 44 42 38 33 40 36 39 41 57 54 49 48 35 46 44 48 53 43 46 45 43 46 51 50 38 24 24 24 30 29 28 29 47 46 53 57 31 35 55 51 53 52 35 42 30 39 27 28 35 31
32 27 25 27 31 40 37 34 40 48 46 43 40 35 39 34 39 40 57 53 51 49 36 38 42 48 51 43 45 46 44 44 49 50 39 24 25 25 30 30 32 30 45 44 54 57 31 36 56 53 52 51 37 40 30 38 28 30 35 29
32 27 24 26 33 42 36 32 38 50 44 41 41 37 37 33 37 41 57 51 49 48 49 39 42 48 49 43 43 48 42 45 49 49 39 26 24 26 28 27 32 28 44 43 54 57 29 37 55 52 54 53 38 39 30 38 29 31 37 30
32 26 24 26 33 43 35 31 40 50 46 42 42 39 37 32 38 41 56 53 47 49 48 39 42 50 48 43 45 47 40 44 48 48 38 25 25 24 24 26 32 28 46 45 52 55 31 38 54 50 56 55 36 37 29 37 31 33 38 29
32 27 25 26 35 41 34 32 40 48 47 43 43 39 37 33 40 43 56 55 57 49 50 40 42 49 49 43 44 45 41 45 50 50 39 24 27 25 24 28 33 30 45 44 54 53 32 40 56 50 55 57 37 38 29 35 30 34 38 29
32 29 31 32 33 42 35 32 42 47 46 45 42 41 38 32 38 43 57 57 57 47 49 38 42 51 49 45 44 43 40 46 49 49 41 25 25 25 24 30 34 31 45 42 56 55 33 42 57 52 56 55 35 36 31 37 32 34 38 27
32 31 31 32 35 40 35 30 44 45 47 47 42 39 36 32 37 42 40 57 56 45 47 38 43 50 49 47 42 45 40 47 48 49 40 42 25 26 25 29 35 32 43 44 55 57 35 40 57 52 56 57 35 34 32 37 34 34 36 25
31 31 31 30 36 41 33 31 44 44 45 48 43 41 36 34 39 39 42 57 56 45 47 38 43 50 48 45 44 44 42 48 46 50 49 42 27 26 25 31 33 34 42 44 53 57 34 40 57 53 56 57 34 32 30 35 33 35 34 24
33 31 28 29 37 40 33 33 44 44 45 47 26 27 29 30 31 40 44 57 55 45 46 40 41 48 47 47 42 44 24 25 24 24 47 42 26 24 25 33 34 36 41 45 54 56 34 40 55 55 57 56 36 31 30 37 31 36 35 24
31 31 31 27 36 38 33 33 43 45 43 45 26 26 26 26 32 42 42 55 53 44 44 42 39 47 49 48 43 24 24 24 24 23 46 44 26 25 26 32 32 37 41 43 56 54 35 42 56 55 57 55 36 31 32 37 32 34 33 24
31 31 31 26 37 38 33 24 24 25 27 47 24 26 26 26 30 41 40 54 55 42 42 43 40 47 47 48 41 24 25 25 24 24 44 46 25 27 25 31 34 35 40 41 56 56 36 44 56 53 57 57 35 32 32 35 30 33 33 25
31 25 26 26 38 25 24 26 27 27 27 46 25 26 25 30 30 39 38 54 55 43 44 41 40 49 47 47 41 24 25 46 45 47 45 47 27 28 24 32 36 36 40 40 57 57 38 46 54 55 57 55 36 34 32 34 31 33 35 27
30 25 25 24 36 24 28 28 27 27 28 27 25 26 25 25 30 31 30 29 30 29 27 27 28 47 49 45 43 26 25 44 46 48 45 45 27 26 24 30 38 35 40 40 57 56 40 47 53 53 57 56 34 32 31 36 33 32 33 29
30 24 24 24 24 24 28 29 27 27 29 26 26 26 26 25 25 25 25 25 25 25 25 25 29 28 29 29 28 27 25 44 47 47 45 45 26 28 26 28 37 36 40 40 57 57 41 45 54 53 55 54 33 32 31 35 35 34 33 30
30 30 30 30 30 29 29 29 29 27 27 27 26 26 26 27 25 25 25 25 26 25 25 25 25 25 25 25 25 25 25 45 44 44 45 43 25 26 28 30 35 36 41 40 57 57 41 43 54 52 53 54 32 32 31 33 36 36 32 31
