67 67 67 67 67 67 67 67 67 67 67 67 67 67 67 67 67 67 67 67 67 70 69 69 69 69 69 69 69 69 67 67 67 67 68 69 68 67 67 67
66 67 67 67 69 70 70 69 73 67 67 67 67 67 67 67 70 71 67 67 69 70 69 75 75 68 69 69 68 69 69 67 69 67 69 67 68 67 67 67
67 77 77 77 77 70 70 71 73 67 67 67 67 71 67 67 69 71 67 67 67 67 69 73 73 68 68 67 67 69 67 67 69 67 72 72 72 69 67 68
77 77 77 75 77 77 77 77 77 77 77 77 68 70 67 67 67 67 67 67 67 67 69 71 74 70 67 67 70 70 72 72 72 72 72 79 72 72 72 72
77 76 76 84 84 77 84 84 84 84 84 77 77 77 77 67 67 67 67 67 67 69 69 71 72 71 71 70 70 72 72 76 72 72 75 77 76 77 72 72
76 76 83 83 84 84 84 73 72 67 84 75 77 77 77 67 67 67 68 68 69 69 71 71 73 72 72 72 72 72 76 75 72 72 74 78 78 78 72 71
76 76 83 83 78 76 75 72 71 67 84 84 77 77 77 68 67 67 68 68 68 72 71 72 71 72 72 72 73 73 73 76 72 72 76 78 78 80 72 72
75 75 83 83 80 81 75 71 70 67 67 84 77 68 68 68 68 68 68 68 68 68 68 70 77 77 77 77 77 77 73 75 72 72 72 72 80 78 80 72
75 75 83 82 82 80 75 70 69 67 84 84 77 68 68 68 68 69 68 68 68 67 68 70 77 83 84 86 86 77 77 72 72 72 73 72 81 72 72 72
75 75 75 82 82 81 75 72 84 84 84 77 77 77 77 77 77 67 67 67 68 68 68 77 77 83 86 85 86 80 77 72 72 72 72 72 72 72 72 72
77 75 75 82 82 79 73 72 84 86 86 77 77 77 77 75 77 77 77 67 67 68 68 77 77 84 86 86 86 81 77 77 77 70 72 72 72 72 72 72
75 75 82 82 82 79 85 85 85 86 86 86 77 77 77 77 77 77 77 77 77 68 68 67 77 82 86 84 86 82 80 83 77 77 72 72 74 73 72 72
75 75 82 82 80 78 85 86 86 86 84 86 77 77 79 77 77 77 77 77 77 77 77 67 77 80 86 82 86 83 81 84 82 78 79 79 73 73 70 72
75 82 82 83 79 78 85 86 77 75 86 86 77 77 77 77 76 77 77 77 77 77 77 77 77 80 86 83 84 85 83 82 79 79 79 79 73 73 73 70
75 82 80 81 81 86 86 86 78 77 86 86 86 86 77 77 77 77 77 77 69 69 77 77 77 78 86 82 85 85 84 79 79 79 79 79 73 73 73 73
75 81 82 80 81 86 86 86 79 75 73 72 86 86 76 77 77 78 77 69 69 68 77 77 77 76 86 83 85 84 84 79 79 79 79 79 72 72 70 73
75 81 81 81 81 81 83 82 80 73 71 70 86 86 86 77 77 77 77 70 70 68 77 77 79 78 85 82 86 82 83 79 79 79 79 79 79 70 69 73
75 76 75 75 75 81 84 82 80 71 69 68 67 67 86 77 77 77 77 70 70 69 70 69 71 78 86 80 86 85 85 79 79 79 84 83 79 79 73 73
75 75 75 75 75 81 85 84 83 84 69 67 69 86 86 75 75 77 74 72 69 69 68 68 73 76 86 81 81 86 86 79 79 86 86 82 82 80 73 73
72 75 75 75 75 81 81 81 81 85 86 68 69 86 86 77 74 77 73 72 68 70 67 69 73 75 86 86 80 79 86 86 84 86 85 83 83 80 71 73
73 75 75 75 75 75 81 81 81 81 86 67 69 67 86 75 76 75 74 74 69 69 67 68 71 81 81 85 85 81 83 86 84 84 85 80 80 80 80 73
75 75 77 75 75 75 81 81 81 81 86 85 70 67 86 86 86 86 72 73 69 81 81 81 72 81 81 81 85 86 83 86 85 85 80 80 80 80 80 73
75 81 81 81 81 81 81 81 82 83 85 85 68 67 86 86 86 86 74 73 71 81 80 81 74 81 81 81 81 85 85 85 86 86 80 73 73 71 73 73
75 81 81 79 79 81 81 81 83 84 86 83 68 86 86 72 73 82 74 72 73 81 81 81 81 81 81 81 81 84 80 80 85 80 80 73 73 73 73 73
75 73 81 77 78 83 85 86 84 82 84 85 67 86 87 71 75 81 76 71 73 73 81 81 81 81 81 81 84 86 80 80 80 80 71 73 73 74 74 74
75 81 81 76 80 83 85 86 82 82 86 86 67 69 68 73 75 83 75 69 74 75 76 81 77 81 81 81 81 81 80 80 80 80 71 80 80 80 80 74
75 81 77 75 81 81 86 86 81 82 86 84 67 67 70 73 74 82 73 67 76 77 81 81 79 81 81 81 81 81 78 80 80 80 80 80 84 86 80 74
75 81 81 76 75 76 78 76 77 75 73 72 73 72 70 72 75 80 71 69 76 81 81 79 79 81 86 86 81 81 77 80 80 80 80 80 82 80 80 74
75 75 81 74 73 81 81 81 79 81 81 81 81 71 71 70 77 78 70 67 81 81 81 81 81 81 85 83 81 80 80 80 81 80 80 81 83 80 76 74
75 75 81 81 81 81 81 81 80 81 83 81 81 69 72 71 78 79 68 67 81 81 81 81 81 81 81 85 80 81 80 80 80 80 80 80 80 80 76 74
75 75 81 81 81 81 81 81 81 81 81 81 72 70 70 70 78 80 67 68 68 81 81 81 81 81 81 84 82 83 81 80 79 80 80 80 74 74 74 74
75 75 81 81 71 81 81 81 81 81 81 81 81 81 81 72 79 67 68 70 69 72 70 81 81 81 81 81 81 82 81 80 80 80 80 80 74 74 74 74
77 75 75 75 73 81 78 76 83 81 81 81 81 81 81 70 78 67 81 81 70 71 68 81 74 74 81 81 81 82 82 79 78 80 80 80 80 74 74 74
75 74 75 75 81 81 79 79 81 81 81 81 79 81 81 68 76 69 81 81 81 81 81 81 74 74 81 81 81 81 80 79 78 77 78 78 81 74 74 74
75 75 75 75 81 80 79 80 81 81 67 81 81 81 81 67 67 67 81 81 81 75 81 81 74 74 73 81 81 81 81 81 78 76 79 81 81 81 81 74
75 75 75 81 81 78 80 81 81 81 67 67 81 81 81 67 67 81 81 81 81 74 74 74 74 74 75 81 81 81 81 81 80 77 79 81 81 81 81 74
75 75 75 81 77 77 78 81 81 81 67 67 67 67 81 81 81 81 81 81 74 74 74 74 74 74 74 81 81 82 81 81 81 77 80 83 84 85 81 74
75 75 75 81 79 81 81 81 74 74 74 67 67 71 72 72 74 74 73 74 74 74 74 74 74 74 74 81 81 81 81 81 81 79 82 83 82 81 81 74
75 73 73 81 81 81 74 74 74 74 74 67 69 70 74 74 74 74 72 74 74 75 73 74 74 74 72 74 74 74 74 81 81 81 81 81 81 81 74 74
75 75 75 75 75 75 74 74 74 74 74 74 74 74 74 74 74 74 74 74 75 76 75 76 74 74 74 74 78 76 74 74 74 74 74 74 74 74 74 74
