24 24 24 11 9 9 8 10 9 9 9 8 8 9 9 10 9 13 12 20
24 25 24 24 9 8 8 8 8 9 17 17 17 9 8 8 10 11 10 19
24 24 24 24 18 18 18 18 18 18 18 8 17 8 9 9 9 11 11 20
23 24 24 20 20 11 11 8 9 11 12 8 17 8 8 9 11 11 13 21
26 26 23 20 20 11 10 10 9 9 12 10 17 9 8 10 12 10 15 19
28 23 23 18 21 11 11 7 8 8 11 10 17 10 9 8 14 10 16 18
28 23 23 23 22 11 11 8 8 8 11 10 16 10 11 8 13 11 14 17
28 28 29 22 22 11 13 13 13 13 13 12 16 12 9 8 12 13 16 15
28 28 29 21 20 38 38 14 15 13 13 11 15 10 9 47 47 47 47 14
30 29 29 20 38 38 38 38 38 38 13 14 14 11 11 45 47 47 47 15
29 29 17 18 38 37 37 38 38 39 39 14 14 12 10 45 45 45 48 49
30 30 18 17 36 36 37 38 38 39 39 41 42 42 42 44 44 45 46 49
30 30 30 31 36 33 35 34 33 39 39 40 63 63 42 44 44 45 45 51
32 41 42 31 34 34 34 33 33 61 61 41 63 63 64 65 65 65 44 51
34 39 42 32 33 34 60 60 60 61 62 62 62 54 64 65 47 66 51 51
34 37 40 36 60 60 60 53 51 55 55 55 53 55 55 55 49 51 52 49
36 38 38 34 60 60 57 55 51 53 56 55 57 56 56 55 54 52 52 48
35 39 38 36 38 60 55 56 58 56 58 58 58 58 57 54 54 52 52 52
34 37 38 38 40 60 59 54 56 58 58 58 52 54 55 54 52 52 52 52
34 36 38 39 38 38 59 59 59 58 54 52 51 52 53 54 52 52 52 50
