51 52 48 49 49 49 49 49 49 55 55 56 55 57 57 57 57 58 59 61
49 51 49 49 49 49 49 49 49 55 55 56 85 85 85 85 58 58 61 63
49 49 47 49 49 49 48 47 49 55 57 56 85 86 85 85 58 60 60 60
50 48 50 49 49 49 47 48 54 55 56 55 85 84 85 60 58 59 60 60
52 52 50 49 49 49 47 47 54 83 83 83 83 84 85 85 85 85 60 58
54 49 50 54 54 48 48 46 54 83 75 73 81 81 80 81 85 85 60 60
54 54 54 54 54 54 54 54 54 83 76 74 81 79 78 79 85 86 60 60
72 72 72 73 73 73 54 54 83 83 77 74 80 78 76 77 77 87 88 60
72 74 76 76 75 73 53 81 81 79 78 72 82 76 76 77 76 89 89 60
72 76 76 76 74 74 81 81 68 69 78 72 84 83 90 90 89 88 61 60
72 77 75 76 75 80 80 65 66 70 76 73 74 84 91 90 88 62 61 62
71 78 78 78 79 79 73 74 67 72 77 77 75 84 91 91 67 62 63 61
71 73 75 75 74 76 74 73 68 73 73 78 76 82 84 91 65 63 63 63
71 75 74 77 73 76 74 74 68 66 73 77 76 82 92 91 63 65 63 63
71 70 73 76 74 78 76 74 74 68 71 77 75 81 94 95 96 97 64 63
70 70 75 76 74 76 75 77 73 66 72 79 77 79 77 76 77 76 64 65
70 79 75 75 69 69 69 75 71 67 74 77 77 78 77 77 75 74 64 65
70 78 77 69 69 69 69 75 70 69 74 76 78 80 78 66 66 65 66 65
70 76 77 69 69 68 72 73 74 74 72 73 71 69 68 67 65 66 66 65
70 69 69 69 69 68 68 68 67 67 67 67 67 67 67 67 66 65 65 65
